1000
    0.386     0.024     0.430     0.358
    0.604     0.373     0.152     0.696
    0.388     0.541     0.564     0.940
    0.911     0.741     0.316     0.550
    0.055     0.280     0.673     0.577
    0.955     0.943     0.982     0.844
    0.695     0.556     0.250     0.997
    0.524     0.840     0.374     0.318
    0.587     0.753     0.771     0.110
    0.440     0.234     0.378     0.167
    0.956     0.643     0.186     0.267
    0.891     0.379     0.920     0.416
    0.202     0.891     0.645     0.623
    0.947     0.960     0.869     0.933
    0.051     0.536     0.121     0.265
    0.700     0.670     0.270     0.814
    0.868     0.803     0.281     0.376
    0.127     0.434     0.377     0.803
    0.443     0.611     0.032     0.934
    0.249     0.399     0.259     0.210
    0.821     0.322     0.053     0.777
    0.321     0.164     0.240     0.489
    0.976     0.198     0.810     0.897
    0.565     0.962     0.109     0.923
    0.515     0.968     0.021     0.867
    0.127     0.267     0.753     0.165
    0.654     0.201     0.420     0.931
    0.110     0.065     0.235     0.999
    0.772     0.591     0.701     0.098
    0.236     0.353     0.276     0.119
    0.303     0.164     0.238     0.283
    0.198     0.454     0.052     0.162
    0.695     0.597     0.363     0.943
    0.071     0.281     0.807     0.357
    0.593     0.632     0.633     0.826
    0.761     0.384     0.896     0.055
    0.046     0.897     0.565     0.910
    0.859     0.903     0.150     0.547
    0.094     0.807     0.997     0.298
    0.761     0.120     0.871     0.939
    0.735     0.391     0.529     0.441
    0.989     0.791     0.597     0.745
    0.073     0.202     0.852     0.265
    0.918     0.819     0.498     0.966
    0.814     0.965     0.826     0.418
    0.273     0.223     0.992     0.581
    0.685     0.011     0.352     0.452
    0.211     0.667     0.172     0.121
    0.387     0.117     0.313     0.313
    0.427     0.882     0.262     0.556
    0.583     0.164     0.679     0.929
    0.716     0.737     0.822     0.526
    0.802     0.718     0.698     0.189
    0.387     0.141     0.175     0.916
    0.083     0.122     0.957     0.845
    0.241     0.663     0.719     0.233
    0.354     0.679     0.865     0.038
    0.567     0.980     0.987     0.542
    0.385     0.178     0.686     0.462
    0.554     0.753     0.517     0.038
    0.886     0.995     0.445     0.832
    0.907     0.726     0.853     0.297
    0.306     0.082     0.086     0.459
    0.876     0.333     0.090     0.534
    0.551     0.837     0.812     0.855
    0.915     0.199     0.467     0.540
    0.356     0.815     0.943     0.493
    0.648     0.232     0.260     0.854
    0.461     0.788     0.778     0.249
    0.551     0.857     0.159     0.917
    0.716     0.567     0.544     0.748
    0.142     0.924     0.515     0.896
    0.423     0.412     0.358     0.438
    0.561     0.412     0.224     0.828
    0.000     0.639     0.241     0.197
    0.418     0.627     0.960     0.642
    0.378     0.596     0.633     0.618
    0.607     0.818     0.766     0.430
    0.743     0.184     0.648     0.299
    0.676     0.382     0.016     0.089
    0.774     0.835     0.651     0.128
    0.997     0.230     0.224     0.932
    0.036     0.323     0.856     0.762
    0.910     0.072     0.246     0.691
    0.947     0.980     0.780     0.834
    0.876     0.662     0.051     0.470
    0.907     0.682     0.506     0.114
    0.055     0.612     0.369     0.415
    0.052     0.211     0.144     0.964
    0.899     0.786     0.934     0.059
    0.129     0.023     0.205     0.967
    0.981     0.533     0.995     0.854
    0.613     0.466     0.233     0.785
    0.113     0.170     0.046     0.963
    0.244     0.217     0.961     0.142
    0.416     0.299     0.345     0.760
    0.113     0.099     0.797     0.610
    0.837     0.871     0.559     0.932
    0.613     0.953     0.770     0.537
    0.207     0.305     0.149     0.594
    0.811     0.190     0.356     0.665
    0.690     0.040     0.630     0.926
    0.594     0.443     0.672     0.148
    0.517     0.541     0.769     0.195
    0.142     0.378     0.011     0.669
    0.890     0.125     0.514     0.043
    0.972     0.512     0.220     0.110
    0.857     0.643     0.522     0.502
    0.362     0.309     0.558     0.551
    0.273     0.378     0.702     0.791
    0.304     0.113     0.502     0.818
    0.887     0.907     0.479     0.803
    0.607     0.470     0.223     0.991
    0.679     0.486     0.994     0.523
    0.733     0.086     0.250     0.225
    0.576     0.688     0.089     0.109
    0.554     0.145     0.319     0.954
    0.397     0.209     0.871     0.781
    0.250     0.672     0.141     0.027
    0.560     0.915     0.516     0.815
    0.934     0.808     0.953     0.671
    0.156     0.546     0.390     0.799
    0.583     0.622     0.838     0.279
    0.057     0.257     0.018     0.727
    0.482     0.312     0.180     0.065
    0.521     0.705     0.350     0.604
    0.447     0.725     0.267     0.487
    0.256     0.636     0.228     0.722
    0.156     0.879     0.478     0.298
    0.773     0.094     0.716     0.355
    0.309     0.838     0.084     0.187
    0.822     0.476     0.532     0.440
    0.887     0.931     0.129     0.943
    0.826     0.540     0.730     0.172
    0.146     0.678     0.025     0.041
    0.164     0.728     0.146     0.626
    0.210     0.897     0.204     0.796
    0.687     0.356     0.456     0.838
    0.066     0.427     0.231     0.042
    0.095     0.875     0.789     0.154
    0.957     0.821     0.453     0.501
    0.438     0.793     0.750     0.324
    0.588     0.831     0.557     0.863
    0.147     0.244     0.070     0.872
    0.995     0.590     0.963     0.067
    0.324     0.004     0.155     0.636
    0.626     0.511     0.984     0.127
    0.038     0.523     0.429     0.605
    0.647     0.949     0.654     0.053
    0.844     0.842     0.458     0.463
    0.393     0.646     0.708     0.823
    0.752     0.750     0.980     0.196
    0.316     0.935     0.163     0.865
    0.226     0.444     0.504     0.818
    0.426     0.582     0.840     0.427
    0.401     0.190     0.523     0.967
    0.623     0.958     0.693     0.630
    0.278     0.982     0.466     0.899
    0.185     0.347     0.497     0.456
    0.413     0.680     0.125     0.726
    0.705     0.289     0.831     0.137
    0.221     0.001     0.885     0.990
    0.677     0.320     0.964     0.730
    0.551     0.597     0.813     0.238
    0.604     0.048     0.106     0.988
    0.136     0.339     0.263     0.678
    0.449     0.610     0.688     0.261
    0.487     0.475     0.398     0.088
    0.094     0.533     0.116     0.801
    0.733     0.167     0.669     0.874
    0.907     0.248     0.756     0.585
    0.370     0.530     0.913     0.308
    0.801     0.613     0.884     0.035
    0.911     0.063     0.052     0.186
    0.874     0.098     0.068     0.666
    0.561     0.764     0.184     0.630
    0.376     0.716     0.477     0.839
    0.973     0.181     0.215     0.156
    0.988     0.104     0.136     0.828
    0.549     0.003     0.603     0.894
    0.953     0.181     0.685     0.220
    0.567     0.249     0.177     0.338
    0.637     0.342     0.367     0.635
    0.046     0.022     0.310     0.600
    0.167     0.265     0.291     0.960
    0.406     0.329     0.008     0.632
    0.136     0.338     0.787     0.682
    0.343     0.858     0.718     0.308
    0.792     0.330     0.064     0.916
    0.399     0.897     0.972     0.296
    0.033     0.716     0.665     0.546
    0.539     0.414     0.248     0.163
    0.445     0.349     0.298     0.079
    0.345     0.268     0.458     0.036
    0.127     0.035     0.625     0.685
    0.412     0.509     0.428     0.675
    0.723     0.683     0.143     0.106
    0.119     0.904     0.621     0.385
    0.960     0.430     0.365     0.571
    0.669     0.824     0.766     0.947
    0.911     0.247     0.303     0.404
    0.207     0.542     0.927     0.268
    0.178     0.717     0.372     0.301
    0.982     0.149     0.696     0.389
    0.885     0.837     0.728     0.014
    0.075     0.983     0.148     0.835
    0.139     0.360     0.053     0.425
    0.261     0.929     0.890     0.050
    0.607     0.889     0.373     0.338
    0.309     0.669     0.085     0.254
    0.532     0.551     0.917     0.221
    0.726     0.780     0.181     0.060
    0.985     0.797     0.120     0.446
    0.575     0.238     0.293     0.936
    0.312     0.601     0.346     0.915
    0.323     0.103     0.161     0.293
    0.570     0.381     0.239     0.168
    0.737     0.753     0.263     0.898
    0.309     0.443     0.253     0.027
    0.091     0.462     0.465     0.917
    0.156     0.018     0.229     0.006
    0.670     0.146     0.717     0.910
    0.692     0.132     0.422     0.847
    0.349     0.846     0.966     0.034
    0.529     0.162     0.449     0.728
    0.868     0.952     0.613     0.216
    0.265     0.089     0.680     0.055
    0.531     0.211     0.142     0.526
    0.665     0.978     0.409     0.139
    0.474     0.305     0.451     0.643
    0.654     0.423     0.326     0.425
    0.568     0.087     0.621     0.202
    0.246     0.098     0.365     0.121
    0.267     0.713     0.549     0.899
    0.926     0.799     0.637     0.640
    0.810     0.280     0.915     0.336
    0.394     0.762     0.835     0.942
    0.189     0.204     0.597     0.442
    0.893     0.044     0.001     0.853
    0.858     0.754     0.613     0.002
    0.044     0.676     0.732     0.828
    0.446     0.430     0.770     0.127
    0.154     0.896     0.288     0.477
    0.905     0.453     0.763     0.437
    0.002     0.493     0.552     0.089
    0.840     0.236     0.372     0.102
    0.870     0.525     0.963     0.736
    0.901     0.977     0.504     0.755
    0.906     0.038     0.927     0.533
    0.745     0.749     0.128     0.650
    0.103     0.926     0.888     0.732
    0.734     0.254     0.390     0.314
    0.231     0.402     0.242     0.066
    0.092     0.978     0.768     0.543
    0.092     0.520     0.091     0.338
    0.142     0.770     0.585     0.939
    0.969     0.068     0.364     0.943
    0.580     0.833     0.077     0.633
    0.402     0.667     0.601     0.039
    0.595     0.069     0.210     0.447
    0.293     0.434     0.118     0.438
    0.147     0.433     0.236     0.254
    0.152     0.908     0.051     0.145
    0.454     0.612     0.700     0.096
    0.761     0.206     0.711     0.665
    0.590     0.173     0.641     0.236
    0.288     0.876     0.217     0.730
    0.703     0.618     0.745     0.911
    0.373     0.363     0.210     0.261
    0.140     0.339     0.290     0.438
    0.327     0.288     0.723     0.472
    0.743     0.777     0.655     0.310
    0.019     0.813     0.663     0.124
    0.629     0.131     0.601     0.091
    0.954     0.008     0.487     0.771
    0.179     0.123     0.138     0.521
    0.080     0.996     0.816     0.417
    0.239     0.712     0.846     0.422
    0.891     0.550     0.249     0.630
    0.438     0.920     0.141     0.497
    0.618     0.819     0.357     0.813
    0.228     0.669     0.902     0.708
    0.870     0.576     0.561     0.329
    0.609     0.856     0.722     0.979
    0.084     0.053     0.664     0.292
    0.869     0.684     0.371     0.053
    0.822     0.390     0.488     0.923
    0.088     0.390     0.547     0.658
    0.990     0.257     0.745     0.551
    0.301     0.342     0.694     0.082
    0.019     0.624     0.076     0.604
    0.626     0.103     0.471     0.028
    0.340     0.855     0.667     0.990
    0.387     0.265     0.841     0.368
    0.582     0.189     0.133     0.209
    0.726     0.961     0.173     0.896
    0.745     0.312     0.413     0.663
    0.236     0.718     0.465     0.841
    0.156     0.106     0.960     0.513
    0.842     0.266     0.453     0.244
    0.727     0.464     0.233     0.695
    0.392     0.234     0.843     0.669
    0.842     0.119     0.243     0.029
    0.920     0.607     0.734     0.115
    0.506     0.800     0.795     0.051
    0.594     0.562     0.038     0.827
    0.963     0.895     0.973     0.694
    0.132     0.476     0.276     0.157
    0.167     0.214     0.150     0.336
    0.891     0.070     0.111     0.678
    0.482     0.287     0.305     0.906
    0.906     0.275     0.554     0.310
    0.378     0.076     0.683     0.134
    0.389     0.369     0.490     0.221
    0.825     0.579     0.436     0.819
    0.420     0.072     0.630     0.457
    0.137     0.616     0.092     0.391
    0.196     0.452     0.804     0.256
    0.670     0.841     0.385     0.511
    0.688     0.083     0.729     0.052
    0.362     0.454     0.668     0.720
    0.055     0.564     0.062     0.054
    0.421     0.454     0.075     0.885
    0.053     0.900     0.247     0.025
    0.494     0.088     0.733     0.853
    0.668     0.199     0.825     0.183
    0.393     0.970     0.149     0.270
    0.360     0.525     0.440     0.220
    0.236     0.125     0.495     0.950
    0.731     0.340     0.273     0.975
    0.230     0.577     0.965     0.368
    0.062     0.299     0.164     0.614
    0.481     0.984     0.018     0.170
    0.605     0.113     0.140     0.341
    0.535     0.978     0.369     0.271
    0.508     0.640     0.085     0.915
    0.644     0.599     0.291     0.993
    0.887     0.117     0.585     0.089
    0.362     0.444     0.067     0.683
    0.029     0.280     0.768     0.562
    0.598     0.172     0.724     0.184
    0.673     0.254     0.750     0.137
    0.820     0.022     0.289     0.781
    0.241     0.660     0.590     0.351
    0.809     0.414     0.421     0.248
    0.669     0.312     0.884     0.632
    0.180     0.322     0.639     0.092
    0.693     0.010     0.651     0.779
    0.640     0.880     0.859     0.784
    0.032     0.182     0.225     0.766
    0.039     0.087     0.985     0.446
    0.382     0.411     0.976     0.285
    0.748     0.565     0.473     0.249
    0.005     0.621     0.863     0.174
    0.669     0.280     0.019     0.286
    0.455     0.793     0.098     0.499
    0.425     0.640     0.665     0.576
    0.077     0.968     0.139     0.813
    0.956     0.439     0.153     0.007
    0.380     0.911     0.160     0.403
    0.703     0.947     0.584     0.750
    0.418     0.436     0.598     0.225
    0.656     0.565     0.231     0.695
    0.477     0.064     0.588     0.707
    0.943     0.488     0.457     0.324
    0.228     0.645     0.523     0.041
    0.445     0.371     0.389     0.683
    0.094     0.936     0.069     0.718
    0.623     0.591     0.878     0.334
    0.297     0.728     0.574     0.537
    0.624     0.225     0.239     0.553
    0.047     0.197     0.997     0.576
    0.060     0.185     0.561     0.374
    0.187     0.873     0.598     0.539
    0.741     0.221     0.517     0.501
    0.684     0.087     0.924     0.165
    0.380     0.715     0.748     0.438
    0.664     0.600     0.450     0.367
    0.960     0.181     0.250     0.958
    0.535     0.592     0.989     0.958
    0.731     0.040     0.105     0.054
    0.628     0.716     0.745     0.337
    0.803     0.984     0.998     0.050
    0.053     0.631     0.990     0.901
    0.202     0.626     0.600     0.225
    0.292     0.453     0.087     0.330
    0.386     0.370     0.465     0.745
    0.708     0.022     0.584     0.210
    0.632     0.341     0.471     0.748
    0.798     0.046     0.585     0.469
    0.482     0.065     0.801     0.436
    0.349     0.547     0.052     0.138
    0.906     0.825     0.841     0.827
    0.958     0.885     0.377     0.680
    0.493     0.657     0.800     0.837
    0.136     0.874     0.989     0.470
    0.545     0.708     0.084     0.041
    0.577     0.600     0.589     0.890
    0.194     0.856     0.249     0.471
    0.831     0.286     0.041     0.897
    0.209     0.448     0.136     0.912
    0.161     0.960     0.898     0.954
    0.831     0.039     0.193     0.475
    0.254     0.606     0.581     0.100
    0.894     0.622     0.265     0.540
    0.128     0.149     0.163     0.787
    0.669     0.774     0.258     0.537
    0.731     0.177     0.642     0.194
    0.114     0.430     0.202     0.371
    0.274     0.001     0.882     0.801
    0.551     0.739     0.650     0.387
    0.633     0.463     0.787     0.198
    0.314     0.566     0.285     0.427
    0.251     0.061     0.455     0.831
    0.846     0.278     0.789     0.667
    0.012     0.164     0.804     0.925
    0.566     0.353     0.163     0.673
    0.854     0.605     0.125     0.016
    0.362     0.216     0.865     0.191
    0.201     0.526     0.940     0.859
    0.929     0.918     0.943     0.851
    0.267     0.617     0.277     0.652
    0.801     0.492     0.502     0.699
    0.343     0.985     0.890     0.879
    0.489     0.497     0.195     0.919
    0.911     0.102     0.871     0.918
    0.502     0.700     0.654     0.035
    0.572     0.748     0.051     0.919
    0.905     0.750     0.880     0.986
    0.309     0.889     0.623     0.061
    0.556     0.049     0.783     0.060
    0.243     0.785     0.361     0.571
    0.125     0.732     0.341     0.781
    0.496     0.361     0.969     0.192
    0.642     0.448     0.198     0.539
    0.401     0.495     0.711     0.055
    0.210     0.284     0.066     0.373
    0.175     0.545     0.286     0.779
    0.911     0.791     0.155     0.087
    0.764     0.469     0.903     0.549
    0.494     0.077     0.003     0.225
    0.625     0.687     0.334     0.968
    0.039     0.990     0.845     0.192
    0.207     0.626     0.311     0.701
    0.171     0.958     0.332     0.997
    0.810     0.986     0.452     0.959
    0.097     0.635     0.918     0.019
    0.880     0.100     0.438     0.649
    0.293     0.427     0.194     0.851
    0.666     0.787     0.345     0.337
    0.794     0.771     0.671     0.414
    0.142     0.938     0.690     0.044
    0.819     0.170     0.494     0.576
    0.176     0.344     0.970     0.155
    0.926     0.993     0.465     0.331
    0.210     0.533     0.210     0.939
    0.001     0.541     0.458     0.275
    0.111     0.995     0.814     0.111
    0.814     0.253     0.253     0.647
    0.795     0.239     0.968     0.155
    0.012     0.079     0.641     0.240
    0.409     0.354     0.046     0.106
    0.332     0.108     0.209     0.960
    0.527     0.038     0.405     0.665
    0.966     0.362     0.669     0.274
    0.710     0.091     0.745     0.308
    0.464     0.193     0.085     0.958
    0.454     0.459     0.180     0.012
    0.723     0.418     0.904     0.217
    0.048     0.958     0.374     0.845
    0.549     0.344     0.866     0.937
    0.729     0.822     0.860     0.548
    0.554     0.341     0.233     0.440
    0.592     0.982     0.187     0.382
    0.754     0.814     0.230     0.586
    0.295     0.254     0.817     0.991
    0.883     0.155     0.872     0.112
    0.314     0.852     0.252     0.381
    0.068     0.820     0.583     0.783
    0.036     0.331     0.270     0.338
    0.487     0.117     0.631     0.818
    0.515     0.501     0.096     0.620
    0.514     0.515     0.435     0.459
    0.903     0.284     0.881     0.675
    0.882     0.658     0.969     0.761
    0.102     0.918     0.739     0.567
    0.696     0.338     0.129     0.145
    0.111     0.515     0.751     0.245
    0.423     0.614     0.097     0.401
    0.932     0.390     0.127     0.510
    0.930     0.198     0.317     0.140
    0.782     0.746     0.416     0.897
    0.450     0.735     0.407     0.199
    0.644     0.544     0.315     0.935
    0.279     0.136     0.773     0.470
    0.851     0.846     0.757     0.140
    0.200     0.577     0.137     0.919
    0.656     0.362     0.626     0.807
    0.276     0.259     0.166     0.046
    0.477     0.109     0.257     0.089
    0.946     0.445     0.998     0.304
    0.649     0.973     0.384     0.611
    0.660     0.162     0.757     0.882
    0.434     0.662     0.948     0.403
    0.933     0.724     0.656     0.118
    0.989     0.111     0.959     0.373
    0.962     0.258     0.922     0.351
    0.706     0.009     0.258     0.506
    0.965     0.537     0.480     0.182
    0.107     0.430     0.772     0.113
    0.367     0.404     0.391     0.692
    0.444     0.996     0.386     0.611
    0.236     0.243     0.608     0.927
    0.867     0.091     0.694     0.172
    0.819     0.711     0.909     0.260
    0.415     0.734     0.277     0.092
    0.736     0.609     0.722     0.751
    0.934     0.200     0.615     0.227
    0.952     0.868     0.609     0.459
    0.920     0.190     0.134     0.378
    0.567     0.386     0.853     0.995
    0.918     0.917     0.768     0.216
    0.896     0.553     0.529     0.215
    0.903     0.302     0.686     0.144
    0.758     0.455     0.721     0.245
    0.087     0.914     0.338     0.594
    0.069     0.625     0.758     0.376
    0.397     0.201     0.157     0.337
    0.348     0.908     0.107     0.998
    0.180     0.418     0.920     0.352
    0.774     0.882     0.111     0.063
    0.692     0.266     0.925     0.336
    0.941     0.590     0.398     0.338
    0.014     0.809     0.103     0.930
    0.285     0.868     0.739     0.681
    0.221     0.803     0.205     0.567
    0.828     0.709     0.774     0.099
    0.388     0.149     0.491     0.314
    0.117     0.675     0.306     0.757
    0.550     0.052     0.057     0.768
    0.542     0.131     0.246     0.292
    0.397     0.043     0.452     0.816
    0.233     0.852     0.909     0.481
    0.066     0.356     0.025     0.926
    0.750     0.329     0.483     0.529
    0.627     0.515     0.807     0.176
    0.572     0.639     0.831     0.444
    0.404     0.111     0.586     0.882
    0.921     0.393     0.360     0.311
    0.092     0.881     0.403     0.744
    0.647     0.998     0.708     0.508
    0.814     0.892     0.076     0.689
    0.210     0.872     0.584     0.336
    0.572     0.895     0.944     0.238
    0.663     0.125     0.584     0.372
    0.477     0.549     0.928     0.899
    0.599     0.535     0.819     0.976
    0.645     0.659     0.469     0.138
    0.925     0.175     0.682     0.121
    0.940     0.991     0.559     0.501
    0.671     0.684     0.980     0.026
    0.298     0.331     0.768     0.615
    0.372     0.132     0.703     0.084
    0.465     0.840     0.022     0.332
    0.560     0.098     0.776     0.078
    0.364     0.702     0.720     0.375
    0.941     0.904     0.076     0.463
    0.494     0.862     0.800     0.874
    0.541     0.108     0.978     0.240
    0.156     0.703     0.257     0.111
    0.069     0.626     0.661     0.012
    0.444     0.487     0.299     0.714
    0.869     0.943     0.710     0.530
    0.611     0.842     0.212     0.077
    0.126     0.267     0.673     0.457
    0.674     0.563     0.450     0.870
    0.597     0.437     0.161     0.597
    0.084     0.122     0.589     0.040
    0.635     0.970     0.109     0.836
    0.506     0.756     0.550     0.211
    0.328     0.888     0.380     0.323
    0.548     0.886     0.985     0.381
    0.677     0.403     0.803     0.520
    0.686     0.148     0.088     0.554
    0.067     0.761     0.643     0.770
    0.366     0.085     0.575     0.318
    0.653     0.304     0.510     0.946
    0.965     0.647     0.158     0.033
    0.691     0.262     0.229     0.977
    0.801     0.639     0.507     0.359
    0.698     0.070     0.170     0.279
    0.051     0.743     0.827     0.723
    0.135     0.539     0.833     0.560
    0.946     0.637     0.673     0.603
    0.437     0.886     0.302     0.443
    0.264     0.610     0.274     0.785
    0.835     0.648     0.755     0.716
    0.712     0.309     0.207     0.107
    0.548     0.118     0.242     0.838
    0.884     0.015     0.986     0.848
    0.716     0.140     0.660     0.053
    0.826     0.297     0.399     0.342
    0.127     0.475     0.516     0.211
    0.760     0.956     0.511     0.717
    0.443     0.393     0.609     0.250
    0.461     0.873     0.066     0.606
    0.163     0.139     0.941     0.203
    0.268     0.625     0.386     0.277
    0.048     0.569     0.684     0.596
    0.451     0.411     0.917     0.077
    0.158     0.913     0.794     0.409
    0.704     0.191     0.436     0.247
    0.825     0.014     0.099     0.235
    0.598     0.994     0.803     0.593
    0.706     0.350     0.944     0.769
    0.810     0.540     0.707     0.158
    0.151     0.557     0.093     0.040
    0.351     0.496     0.482     0.766
    0.668     0.230     0.921     0.426
    0.022     0.358     0.795     0.508
    0.822     0.609     0.212     0.053
    0.302     0.425     0.315     0.443
    0.030     0.573     0.769     0.763
    0.568     0.978     0.108     0.621
    0.755     0.069     0.146     0.615
    0.767     0.077     0.406     0.951
    0.660     0.655     0.500     0.350
    0.139     0.434     0.690     0.628
    0.129     0.981     0.397     0.480
    0.842     0.203     0.417     0.282
    0.236     0.799     0.688     0.306
    0.610     0.899     0.641     0.349
    0.185     0.770     0.122     0.122
    0.818     0.536     0.016     0.238
    0.148     0.184     0.440     0.737
    0.797     0.995     0.743     0.680
    0.152     0.639     0.971     0.623
    0.924     0.158     0.391     0.141
    0.689     0.649     0.926     0.951
    0.137     0.734     0.032     0.103
    0.223     0.717     0.509     0.894
    0.150     0.148     0.388     0.294
    0.821     0.404     0.944     0.320
    0.596     0.940     0.020     0.115
    0.503     0.375     0.674     0.214
    0.519     0.754     0.283     0.251
    0.487     0.390     0.756     0.241
    0.388     0.479     0.007     0.957
    0.369     0.542     0.438     0.639
    0.632     0.856     0.751     0.132
    0.297     0.346     0.348     0.893
    0.642     0.350     0.077     0.665
    0.801     0.997     0.036     0.497
    0.907     0.290     0.788     0.448
    0.526     0.661     0.691     0.192
    0.046     0.952     0.434     0.592
    0.558     0.604     0.779     0.201
    0.540     0.348     0.870     0.279
    0.017     0.104     0.263     0.758
    0.331     0.967     0.797     0.254
    0.856     0.970     0.291     0.793
    0.885     0.730     0.476     0.980
    0.599     0.186     0.517     0.040
    0.742     0.179     0.907     0.248
    0.503     0.291     0.760     0.133
    0.468     0.106     0.658     0.040
    0.546     0.286     0.766     0.678
    0.501     0.886     0.814     0.587
    0.007     0.037     0.613     0.876
    0.579     0.946     0.155     0.871
    0.465     0.514     0.418     0.988
    0.461     0.558     0.266     0.180
    0.022     0.209     0.270     0.414
    0.759     0.503     0.694     0.175
    0.677     0.915     0.311     0.558
    0.857     0.440     0.595     0.792
    0.970     0.338     0.067     0.292
    0.886     0.871     0.110     0.506
    0.937     0.778     0.247     0.694
    0.267     0.807     0.928     0.281
    0.512     0.114     0.136     0.381
    0.966     0.839     0.759     0.428
    0.513     0.769     0.792     0.264
    0.039     0.608     0.097     0.709
    0.773     0.805     0.141     0.090
    0.767     0.885     0.686     0.097
    0.098     0.304     0.224     0.960
    0.276     0.445     0.304     0.503
    0.125     0.267     0.964     0.566
    0.474     0.586     0.872     0.882
    0.444     0.195     0.424     0.709
    0.563     0.811     0.992     0.581
    0.401     0.950     0.459     0.513
    0.194     0.367     0.228     0.385
    0.005     0.912     0.814     0.144
    0.412     0.954     0.759     0.692
    0.458     0.174     0.313     0.499
    0.607     0.407     0.720     0.577
    0.868     0.292     0.798     0.512
    0.155     0.293     0.238     0.097
    0.524     0.961     0.613     0.308
    0.787     0.591     0.533     0.994
    0.418     0.074     0.930     0.669
    0.882     0.771     0.914     0.871
    0.103     0.192     0.149     0.985
    0.371     0.854     0.395     0.651
    0.010     0.033     0.835     0.920
    0.375     0.312     0.916     0.224
    0.410     0.873     0.743     0.208
    0.951     0.593     0.964     0.838
    0.829     0.179     0.237     0.874
    0.861     0.105     0.428     0.557
    0.429     0.448     0.881     0.185
    0.504     0.949     0.747     0.197
    0.108     0.043     0.563     0.840
    0.408     0.305     0.611     0.700
    0.497     0.380     0.217     0.432
    0.709     0.131     0.651     0.122
    0.458     0.070     0.372     0.537
    0.564     0.994     0.995     0.955
    0.327     0.422     0.078     0.839
    0.284     0.299     0.156     0.827
    0.798     0.247     0.924     0.216
    0.584     0.246     0.430     0.822
    0.895     0.234     0.220     0.041
    0.384     0.713     0.705     0.535
    0.659     0.092     0.421     0.620
    0.871     0.259     0.932     0.771
    0.076     0.209     0.165     0.269
    0.597     0.816     0.316     0.642
    0.464     0.579     0.852     0.490
    0.700     0.575     0.412     0.302
    0.873     0.317     0.371     0.119
    0.710     0.063     0.677     0.431
    0.184     0.056     0.740     0.181
    0.435     0.548     0.520     0.808
    0.077     0.524     0.951     0.175
    0.877     0.722     0.035     0.042
    0.309     0.649     0.126     0.547
    0.312     0.749     0.028     0.616
    0.375     0.972     0.436     0.922
    0.909     0.216     0.575     0.902
    0.756     0.428     0.657     0.660
    0.973     0.763     0.713     0.305
    0.064     0.146     0.982     0.919
    0.766     0.520     0.162     0.001
    0.906     0.638     0.830     0.737
    0.036     0.972     0.351     0.235
    0.456     0.654     0.315     0.006
    0.453     0.812     0.315     0.028
    0.911     0.812     0.969     0.183
    0.795     0.790     0.056     0.270
    0.382     0.418     0.401     0.311
    0.164     0.985     0.535     0.723
    0.836     0.155     0.993     0.695
    0.222     0.030     0.387     0.065
    0.030     0.866     0.606     0.125
    0.895     0.702     0.936     0.550
    0.307     0.157     0.007     0.842
    0.955     0.143     0.776     0.542
    0.049     0.474     0.354     0.512
    0.182     0.629     0.723     0.498
    0.979     0.034     0.432     0.505
    0.627     0.515     0.607     0.655
    0.043     0.350     0.738     0.691
    0.735     0.866     0.648     0.375
    0.273     0.013     0.952     0.418
    0.621     0.232     0.292     0.666
    0.117     0.653     0.851     0.450
    0.357     0.225     0.692     0.493
    0.181     0.006     0.740     0.025
    0.418     0.981     0.681     0.164
    0.884     0.439     0.291     0.065
    0.681     0.518     0.741     0.697
    0.288     0.524     0.758     0.927
    0.423     0.225     0.761     0.964
    0.450     0.501     0.264     0.790
    0.693     0.974     0.964     0.944
    0.540     0.144     0.996     0.491
    0.166     0.945     0.866     0.987
    0.319     0.690     0.182     0.616
    0.128     0.436     0.028     0.551
    0.770     0.073     0.569     0.598
    0.151     0.637     0.123     0.927
    0.210     0.916     0.119     0.149
    0.526     0.540     0.088     0.580
    0.624     0.607     0.930     0.775
    0.289     0.685     0.965     0.585
    0.892     0.665     0.217     0.595
    0.927     0.706     0.657     0.473
    0.492     0.761     0.690     0.890
    0.621     0.076     0.899     0.890
    0.956     0.428     0.233     0.667
    0.414     0.572     0.231     0.226
    0.637     0.117     0.890     0.335
    0.730     0.163     0.608     0.105
    0.515     0.159     0.787     0.444
    0.863     0.643     0.976     0.293
    0.087     0.495     0.325     0.391
    0.631     0.264     0.423     0.707
    0.464     0.955     0.970     0.361
    0.124     0.319     0.719     0.499
    0.539     0.355     0.014     0.786
    0.544     0.210     0.084     0.596
    0.042     0.824     0.050     0.525
    0.136     0.733     0.807     0.085
    0.826     0.356     0.219     0.781
    0.548     0.691     0.835     0.459
    0.385     0.779     0.102     0.219
    0.899     0.849     0.093     0.323
    0.282     0.565     0.725     0.200
    0.017     0.751     0.651     0.716
    0.707     0.570     0.676     0.185
    0.568     0.295     0.200     0.211
    0.734     0.070     0.235     0.173
    0.280     0.917     0.561     0.875
    0.751     0.802     0.496     0.914
    0.792     0.240     0.893     0.095
    0.008     0.233     0.803     0.256
    0.441     0.757     0.923     0.782
    0.690     0.783     0.888     0.339
    0.873     0.414     0.556     0.691
    0.169     0.300     0.449     0.263
    0.809     0.193     0.800     0.833
    0.044     0.112     0.361     0.870
    0.060     0.414     0.429     0.980
    0.934     0.778     0.675     0.646
    0.340     0.245     0.620     0.278
    0.422     0.288     0.727     0.701
    0.089     0.437     0.168     0.471
    0.235     0.174     0.649     0.688
    0.217     0.050     0.282     0.829
    0.027     0.906     0.265     0.255
    0.156     0.808     0.760     0.388
    0.074     0.053     0.309     0.109
    0.991     0.063     0.251     0.034
    0.700     0.342     0.900     0.532
    0.115     0.427     0.898     0.447
    0.127     0.636     0.693     0.477
    0.508     0.175     0.151     0.591
    0.795     0.512     0.483     0.425
    0.387     0.481     0.089     0.942
    0.530     0.565     0.850     0.903
    0.912     0.837     0.304     0.682
    0.396     0.247     0.864     0.708
    0.750     0.709     0.711     0.578
    0.352     0.315     0.739     0.309
    0.913     0.447     0.107     0.264
    0.166     0.096     0.601     0.553
    0.588     0.881     0.954     0.068
    0.843     0.655     0.092     0.241
    0.996     0.400     0.265     0.019
    0.168     0.396     0.557     0.903
    0.971     0.772     0.133     0.969
    0.456     0.074     0.419     0.984
    0.719     0.777     0.871     0.611
    0.670     0.570     0.185     0.174
    0.460     0.329     0.225     0.159
    0.706     0.114     0.734     0.709
    0.149     0.749     0.074     0.884
    0.579     0.803     0.763     0.338
    0.210     0.998     0.128     0.982
    0.289     0.226     0.062     0.375
    0.892     0.205     0.226     0.948
    0.752     0.164     0.554     0.026
    0.687     0.071     0.571     0.461
    0.710     0.485     0.177     0.254
    0.926     0.410     0.879     0.185
    0.800     0.500     0.171     0.909
    0.993     0.581     0.325     0.932
    0.131     0.570     0.246     0.399
    0.706     0.102     0.629     0.958
    0.815     0.939     0.666     0.244
    0.252     0.389     0.566     0.613
    0.854     0.557     0.516     0.177
    0.165     0.066     0.639     0.170
    0.390     0.193     0.882     0.289
    0.780     0.221     0.701     0.914
    0.271     0.892     0.107     0.576
    0.478     0.175     0.026     0.644
    0.856     0.263     0.987     0.591
    0.148     0.459     0.429     0.071
    0.516     0.200     0.894     0.712
    0.296     0.407     0.695     0.494
    0.967     0.030     0.777     0.131
    0.607     0.605     0.940     0.661
    0.731     0.876     0.976     0.999
    0.018     0.098     0.833     0.107
    0.691     0.271     0.947     0.454
    0.627     0.886     0.666     0.814
    0.735     0.509     0.244     0.049
    0.587     0.410     0.504     0.997
    0.641     0.944     0.928     0.797
    0.567     0.512     0.525     0.854
    0.091     0.155     0.328     0.736
    0.979     0.253     0.601     0.220
    0.473     0.566     0.184     0.885
    0.508     0.245     0.121     0.948
    0.374     0.285     0.575     0.522
    0.485     0.348     0.220     0.164
    0.614     0.595     0.528     0.153
    0.351     0.353     0.068     0.428
    0.006     0.971     0.954     0.763
    0.643     0.774     0.056     0.737
    0.270     0.340     0.746     0.295
    0.854     0.643     0.413     0.336
    0.423     0.398     0.039     0.356
    0.308     0.253     0.524     0.978
    0.973     0.957     0.540     0.386
    0.224     0.723     0.768     0.481
    0.220     0.828     0.693     0.475
    0.834     0.740     0.736     0.203
    0.741     0.468     0.694     0.525
    0.106     0.305     0.119     0.215
    0.680     0.879     0.246     0.088
    0.941     0.682     0.192     0.805
    0.582     0.469     0.672     0.089
    0.856     0.166     0.308     0.082
    0.848     0.272     0.616     0.121
    0.762     0.010     0.079     0.308
    0.525     0.390     0.074     0.311
    0.055     0.880     0.095     0.279
    0.236     0.956     0.607     0.427
    0.274     0.177     0.965     0.148
    0.792     0.424     0.931     0.355
    0.171     0.015     0.628     0.378
    0.298     0.904     0.746     0.403
    0.261     0.644     0.643     0.983
    0.790     0.389     0.845     0.241
    0.522     0.714     0.327     0.268
    0.885     0.166     0.562     0.787
    0.056     0.687     0.829     0.613
    0.416     0.330     0.057     0.477
    0.735     0.300     0.710     0.122
    0.891     0.900     0.490     0.882
    0.465     0.260     0.885     0.399
    0.965     0.638     0.902     0.674
    0.343     0.655     0.109     0.642
    0.099     0.912     0.614     0.280
    0.897     0.449     0.317     0.285
    0.336     0.534     0.782     0.615
    0.698     0.814     0.266     0.051
    0.417     0.469     0.829     0.089
    0.416     0.032     0.702     0.472
    0.391     0.171     0.408     0.310
    0.483     0.069     0.099     0.545
    0.270     0.183     0.589     0.451
    0.521     0.760     0.025     0.626
    0.330     0.401     0.841     0.025
    0.642     0.493     0.608     0.476
    0.550     0.753     0.521     0.129
    0.512     0.510     0.994     0.380
    0.027     0.079     0.629     0.034
    0.108     0.874     0.703     0.474
    0.993     0.008     0.368     0.929
    0.708     0.920     0.136     0.016
    0.178     0.940     0.268     0.309
    0.503     0.630     0.256     0.629
    0.351     0.233     0.451     0.298
    0.722     0.602     0.498     0.557
    0.709     0.802     0.825     0.075
    0.862     0.176     0.336     0.889
    0.670     0.928     0.549     0.570
    0.595     0.770     0.103     0.347
    0.826     0.412     0.724     0.813
    0.693     0.633     0.638     0.030
    0.694     0.545     0.638     0.100
    0.810     0.327     0.996     0.134
    0.815     0.900     0.340     0.634
    0.874     0.956     0.844     0.772
    0.192     0.458     0.822     0.857
    0.916     0.659     0.717     0.683
    0.465     0.821     0.205     0.748
    0.565     0.201     0.843     0.450
    0.808     0.262     0.017     0.045
    0.419     0.227     0.932     0.253
    0.121     0.136     0.821     0.710
    0.684     0.897     0.745     0.585
    0.884     0.645     0.467     0.554
    0.389     0.057     0.811     0.101
    0.303     0.807     0.308     0.730
    0.327     0.616     0.060     0.003
    0.370     0.895     0.769     0.617
    0.553     0.681     0.357     0.291
    0.906     0.667     0.675     0.356
    0.618     0.127     0.658     0.977
    0.927     0.482     0.088     0.640
    0.797     0.568     0.585     0.648
    0.518     0.251     0.985     0.288
    0.331     0.771     0.343     0.462
    0.456     0.029     0.398     0.925
    0.212     0.827     0.181     0.663
    0.217     0.841     0.516     0.681
    0.758     0.617     0.317     0.666
    0.838     0.127     0.322     0.928
    0.239     0.523     0.961     0.172
    0.675     0.856     0.407     0.838
    0.314     0.077     0.946     0.058
    0.427     0.514     0.439     0.534
    0.217     0.099     0.142     0.438
