100
    0.384     0.982     0.394     0.688
    0.626     0.378     0.262     0.687
    0.261     0.435     0.484     0.620
    0.226     0.268     0.668     0.412
    0.160     0.171     0.617     0.263
    0.564     0.767     0.602     0.904
    0.846     0.177     0.052     0.823
    0.540     0.714     0.946     0.476
    0.675     0.748     0.084     0.173
    0.097     0.977     0.834     0.065
    0.267     0.425     0.177     0.847
    0.375     0.463     0.852     0.006
    0.480     0.315     0.625     0.725
    0.796     0.635     0.430     0.310
    0.745     0.578     0.997     0.670
    0.825     0.431     0.806     0.399
    0.528     0.454     0.357     0.515
    0.440     0.227     0.183     0.548
    0.522     0.225     0.881     0.676
    0.421     0.676     0.604     0.174
    0.999     0.972     0.705     0.140
    0.421     0.669     0.514     0.727
    0.125     0.729     0.914     0.965
    0.387     0.325     0.143     0.124
    0.605     0.394     0.228     0.048
    0.906     0.058     0.057     0.303
    0.534     0.568     0.561     0.874
    0.670     0.481     0.466     0.967
    0.816     0.529     0.493     0.379
    0.460     0.059     0.446     0.382
    0.372     0.927     0.416     0.767
    0.834     0.963     0.069     0.427
    0.129     0.592     0.327     0.279
    0.879     0.592     0.093     0.120
    0.664     0.208     0.744     0.138
    0.071     0.602     0.512     0.462
    0.620     0.895     0.706     0.128
    0.777     0.050     0.005     0.207
    0.562     0.073     0.522     0.879
    0.042     0.676     0.544     0.897
    0.827     0.849     0.857     0.750
    0.214     0.732     0.737     0.831
    0.462     0.776     0.906     0.598
    0.662     0.376     0.027     0.863
    0.476     0.945     0.242     0.663
    0.503     0.292     0.342     0.302
    0.134     0.033     0.143     0.408
    0.677     0.791     0.046     0.489
    0.879     0.106     0.212     0.657
    0.753     0.512     0.886     0.589
    0.802     0.760     0.202     0.419
    0.468     0.464     0.568     0.571
    0.461     0.274     0.678     0.010
    0.817     0.190     0.997     0.830
    0.686     0.532     0.727     0.614
    0.468     0.817     0.768     0.370
    0.877     0.709     0.921     0.156
    0.889     0.823     0.736     0.677
    0.343     0.038     0.291     0.376
    0.498     0.542     0.006     0.021
    0.354     0.510     0.342     0.810
    0.854     0.770     0.095     0.209
    0.553     0.202     0.923     0.218
    0.977     0.043     0.635     0.078
    0.547     0.363     0.570     0.676
    0.671     0.133     0.560     0.144
    0.019     0.312     0.347     0.981
    0.437     0.694     0.368     0.226
    0.642     0.024     0.124     0.424
    0.690     0.078     0.405     0.607
    0.569     0.467     0.985     0.341
    0.272     0.319     0.126     0.805
    0.747     0.947     0.389     0.220
    0.866     0.948     0.218     0.980
    0.882     0.727     0.535     0.430
    0.648     0.321     0.512     0.082
    0.914     0.684     0.432     0.273
    0.853     0.640     0.822     0.272
    0.972     0.075     0.320     0.680
    0.482     0.079     0.037     0.387
    0.939     0.262     0.166     0.542
    0.916     0.408     0.082     0.787
    0.081     0.271     0.933     0.320
    0.224     0.631     0.850     0.426
    0.420     0.536     0.470     0.259
    0.807     0.373     0.233     0.832
    0.416     0.820     0.275     0.509
    0.947     0.453     0.671     0.204
    0.950     0.265     0.842     0.756
    0.292     0.580     0.506     0.810
    0.918     0.926     0.072     0.790
    0.340     0.042     0.943     0.050
    0.008     0.217     0.071     0.909
    0.228     0.119     0.001     0.259
    0.300     0.578     0.378     0.174
    0.736     0.683     0.759     0.201
    0.210     0.934     0.978     0.713
    0.153     0.367     0.020     0.342
    0.032     0.215     0.538     0.474
    0.890     0.243     0.362     0.458
